TARA_142	TARA_146	TARA_147	TARA_150	TARA_151	TARA_68
TARA_142	0	0.0952380952380952	0.107031674655334	0.167331835105711	0.179158610564542	0.22637453493179
TARA_146	0.0952380952380952	0	0.0444444444444442	0.0844675410376963	0.122347066167291	0.162684979204952
TARA_147	0.107031674655334	0.0444444444444442	0	0.102750336490845	0.129442442354458	0.2
TARA_150	0.167331835105711	0.0844675410376963	0.102750336490845	0	0.0553709856035437	0.0952380952380952
TARA_151	0.179158610564542	0.122347066167291	0.129442442354458	0.0553709856035437	0	0.117647058823529
TARA_68	0.22637453493179	0.162684979204952	0.2	0.0952380952380952	0.117647058823529	0
