TARA_72	TARA_143	TARA_144	TARA_20	TARA_70	TARA_76
TARA_72	0	0.0359204959689224	0.0221645341099266	0.0451572561668139	0.01556379981276	0.0431341123509508
TARA_143	0.0359204959689224	0	0.0485757121439277	0.0768049155145926	0.0421129326047359	0.0752185695358586
TARA_144	0.0221645341099266	0.0485757121439277	0	0.0480713505546071	0.0230734565119423	0.0486857501013133
TARA_20	0.0451572561668139	0.0768049155145926	0.0480713505546071	0	0.0493001024240354	0.0740740740740735
TARA_70	0.01556379981276	0.0421129326047359	0.0230734565119423	0.0493001024240354	0	0.048944011191002
TARA_76	0.0431341123509508	0.0752185695358586	0.0486857501013133	0.0740740740740735	0.048944011191002	0
