TARA_72	TARA_143	TARA_151	TARA_7	TARA_18	TARA_30	TARA_70
TARA_72	0	0.0640040962621608	0.0997790868924893	0.0759811616954475	0.0952380952380954	0.102082482645977	0.114737378888322
TARA_143	0.0640040962621608	0	0.0740740740740736	0.0640688022934096	0.0879747483172126	0.0833333333333333	0.0740740740740743
TARA_151	0.0997790868924893	0.0740740740740736	0	0.0484848484848486	0.108932461873638	0.108932461873638	0.119911599058958
TARA_7	0.0759811616954475	0.0640688022934096	0.0484848484848486	0	0.0558139534883721	0.0772492740907853	0.103938140622191
TARA_18	0.0952380952380954	0.0879747483172126	0.108932461873638	0.0558139534883721	0	0.0933706816059758	0.156299840510367
TARA_30	0.102082482645977	0.0833333333333333	0.108932461873638	0.0772492740907853	0.0933706816059758	0	0.109242109242109
TARA_70	0.114737378888322	0.0740740740740743	0.119911599058958	0.103938140622191	0.156299840510367	0.109242109242109	0
