TARA_72	TARA_4	TARA_9	TARA_23	TARA_70	TARA_76
TARA_72	0	0.108932461873638	0.105559465165377	0.129845766028724	0.105263157894737	0.0740740740740736
TARA_4	0.108932461873638	0	0.0510216879481941	0.0663195395998902	0.0671884022538586	0.0470633803967136
TARA_9	0.105559465165377	0.0510216879481941	0	0.0879120879120879	0.08	0.0789610389610389
TARA_23	0.129845766028724	0.0663195395998902	0.0879120879120879	0	0.0994434791367634	0.0768049155145926
TARA_70	0.105263157894737	0.0671884022538586	0.08	0.0994434791367634	0	0.0571428571428574
TARA_76	0.0740740740740736	0.0470633803967136	0.0789610389610389	0.0768049155145926	0.0571428571428574	0
