TARA_146	TARA_147	TARA_150	TARA_18	TARA_25	TARA_30
TARA_146	0	0.0513143854884087	0.0621155853541032	0.0751173708920186	0.0417198808003404	0.0774794379819274
TARA_147	0.0513143854884087	0	0.0599163110220164	0.0726138992255857	0.0421752493257232	0.0824866514906724
TARA_150	0.0621155853541032	0.0599163110220164	0	0.08	0.0470686533908927	0.0740740740740736
TARA_18	0.0751173708920186	0.0726138992255857	0.08	0	0.0550636281737818	0.0728744939271255
TARA_25	0.0417198808003404	0.0421752493257232	0.0470686533908927	0.0550636281737818	0	0.055613197202268
TARA_30	0.0774794379819274	0.0824866514906724	0.0740740740740736	0.0728744939271255	0.055613197202268	0
