TARA_150	TARA_18	TARA_22	TARA_25	TARA_70	TARA_76
TARA_150	0	0.0748667368177472	0.0427222806834671	0.0370617325427295	0.0246059974251589	0.0330239374694676
TARA_18	0.0748667368177472	0	0.0387643852210783	0.0513215457528254	0.0578111946532999	0.0831598468533141
TARA_22	0.0427222806834671	0.0387643852210783	0	0.0364582030956965	0.0360778315789594	0.0491949277622738
TARA_25	0.0370617325427295	0.0513215457528254	0.0364582030956965	0	0.0442721795876837	0.0492655712532266
TARA_70	0.0246059974251589	0.0578111946532999	0.0360778315789594	0.0442721795876837	0	0.040542804489864
TARA_76	0.0330239374694676	0.0831598468533141	0.0491949277622738	0.0492655712532266	0.040542804489864	0
