TARA_144	TARA_146	TARA_147	TARA_148	TARA_149	TARA_25	TARA_26	TARA_30
TARA_144	0	0.073809037006747	0.0891027944744713	0.0533333333333334	0.0706080016801426	0.0730982435049758	0.111111111111111	0.0909090909090912
TARA_146	0.073809037006747	0	0.0829674937108472	0.0599753025913062	0.0327472227901587	0.0603240279762614	0.0905956112852664	0.0559680182752713
TARA_147	0.0891027944744713	0.0829674937108472	0	0.0571428571428574	0.0529020792607077	0.0831858745149979	0.108932461873638	0.0552637588490521
TARA_148	0.0533333333333334	0.0599753025913062	0.0571428571428574	0	0.0460067676929828	0.0549427317158099	0.0794366817031578	0.0647773279352225
TARA_149	0.0706080016801426	0.0327472227901587	0.0529020792607077	0.0460067676929828	0	0.0483301698763255	0.0738092197675903	0.0446247464503042
TARA_25	0.0730982435049758	0.0603240279762614	0.0831858745149979	0.0549427317158099	0.0483301698763255	0	0.097619047619048	0.0451127819548872
TARA_26	0.111111111111111	0.0905956112852664	0.108932461873638	0.0794366817031578	0.0738092197675903	0.097619047619048	0	0.0742948611801067
TARA_30	0.0909090909090912	0.0559680182752713	0.0552637588490521	0.0647773279352225	0.0446247464503042	0.0451127819548872	0.0742948611801067	0
