TARA_144	TARA_147	TARA_150	TARA_151	TARA_25	TARA_30
TARA_144	0	0.105263157894737	0.108649017600312	0.116600418656067	0.17979797979798	0.105492589363558
TARA_147	0.105263157894737	0	0.117647058823529	0.110061869098014	0.129310344827586	0.123004953531793
TARA_150	0.108649017600312	0.117647058823529	0	0.100000000000001	0.153573134939594	0.124032074006019
TARA_151	0.116600418656067	0.110061869098014	0.100000000000001	0	0.120542326535263	0.10103445664521
TARA_25	0.17979797979798	0.129310344827586	0.153573134939594	0.120542326535263	0	0.0552637588490521
TARA_30	0.105492589363558	0.123004953531793	0.124032074006019	0.10103445664521	0.0552637588490521	0
