TARA_144	TARA_146	TARA_147	TARA_148	TARA_149	TARA_70	TARA_76	TARA_78
TARA_144	0	0.0429472342825523	0.0492180526975337	0.0445293601179441	0.054347826086956	0.08	0.0580805580243259	0.08
TARA_146	0.0429472342825523	0	0.0303582270795387	0.0239072443189235	0.0361524210104654	0.0480925731322857	0.0319526712809272	0.0481005344503829
TARA_147	0.0492180526975337	0.0303582270795387	0	0.0238095238095236	0.0455452081080534	0.0600240096038412	0.0390777224507468	0.0701836326534367
TARA_148	0.0445293601179441	0.0239072443189235	0.0238095238095236	0	0.0267218666181255	0.0383619164983632	0.025945329178674	0.0548647365923115
TARA_149	0.054347826086956	0.0361524210104654	0.0455452081080534	0.0267218666181255	0	0.0558139534883721	0.0375965914809387	0.0833333333333334
TARA_70	0.08	0.0480925731322857	0.0600240096038412	0.0383619164983632	0.0558139534883721	0	0.0508329085332718	0.0869565217391303
TARA_76	0.0580805580243259	0.0319526712809272	0.0390777224507468	0.025945329178674	0.0375965914809387	0.0508329085332718	0	0.065288777284141
TARA_78	0.08	0.0481005344503829	0.0701836326534367	0.0548647365923115	0.0833333333333334	0.0869565217391303	0.065288777284141	0
