TARA_147	TARA_148	TARA_149	TARA_150	TARA_151	TARA_4	TARA_78
TARA_147	0	0.0300751879699248	0.0291545189504373	0.0681498169529708	0.0207893622201339	0.074074074074074	0.074074074074074
TARA_148	0.0300751879699248	0	0.0390243902439028	0.0829863603732949	0.0270933447322001	0.0478723404255317	0.0894977168949772
TARA_149	0.0291545189504373	0.0390243902439028	0	0.0798760924881071	0.0245055261165782	0.0866596428523797	0.0741501489165041
TARA_150	0.0681498169529708	0.0829863603732949	0.0798760924881071	0	0.045377289772574	0.105263157894737	0.113479939566896
TARA_151	0.0207893622201339	0.0270933447322001	0.0245055261165782	0.045377289772574	0	0.0621322743554087	0.0786059758369204
TARA_4	0.074074074074074	0.0478723404255317	0.0866596428523797	0.105263157894737	0.0621322743554087	0	0.13620495430293
TARA_78	0.074074074074074	0.0894977168949772	0.0741501489165041	0.113479939566896	0.0786059758369204	0.13620495430293	0
