TARA_145	TARA_150	TARA_151	TARA_152	TARA_66	TARA_68	TARA_81
TARA_145	0	0.260869565217392	0.507142857142857	0.254397437934701	0.140468227424749	0.227939263411449	0.124069478908188
TARA_150	0.260869565217392	0	0.101694915254237	0.0779220779220779	0.122430544506433	0.117647058823529	0.125
TARA_151	0.507142857142857	0.101694915254237	0	0.111111111111111	0.289862915571618	0.162574362879914	0.305916726852016
TARA_152	0.254397437934701	0.0779220779220779	0.111111111111111	0	0.166666666666667	0.112	0.14461427900163
TARA_66	0.140468227424749	0.122430544506433	0.289862915571618	0.166666666666667	0	0.0869565217391304	0.129726368159204
TARA_68	0.227939263411449	0.117647058823529	0.162574362879914	0.112	0.0869565217391304	0	0.119224354232839
TARA_81	0.124069478908188	0.125	0.305916726852016	0.14461427900163	0.129726368159204	0.119224354232839	0
