TARA_146	TARA_147	TARA_148	TARA_149	TARA_150	TARA_70
TARA_146	0	0.0418267178830561	0.0192307692307695	0.0479092841956054	0.0278805120910384	0.0915198377487638
TARA_147	0.0418267178830561	0	0.0437843082352788	0.0739033964840415	0.0601123392500809	0.106726424942398
TARA_148	0.0192307692307695	0.0437843082352788	0	0.0252016129032259	0.0316947909024213	0.0923076923076921
TARA_149	0.0479092841956054	0.0739033964840415	0.0252016129032259	0	0.0551579221811137	0.0851803885291395
TARA_150	0.0278805120910384	0.0601123392500809	0.0316947909024213	0.0551579221811137	0	0.112869771991629
TARA_70	0.0915198377487638	0.106726424942398	0.0923076923076921	0.0851803885291395	0.112869771991629	0
