TARA_147	TARA_149	TARA_150	TARA_151	TARA_152	TARA_25	TARA_26	TARA_30
TARA_147	0	0.055493644993235	0.0621052790327988	0.0631606420461959	0.0704654197477164	0.0726138992255857	0.0660984601874106	0.0417078392621868
TARA_149	0.055493644993235	0	0.0833333333333333	0.0512820512820513	0.0645161290322581	0.0619440574429323	0.0728888888888885	0.0558909009613238
TARA_150	0.0621052790327988	0.0833333333333333	0	0.0656183265385359	0.0564516129032254	0.0784024577572963	0.0765484913302697	0.046666582537259
TARA_151	0.0631606420461959	0.0512820512820513	0.0656183265385359	0	0.0590964590964592	0.0766607215494848	0.0579831932773109	0.0380878352118146
TARA_152	0.0704654197477164	0.0645161290322581	0.0564516129032254	0.0590964590964592	0	0.0533333333333334	0.0779220779220779	0.0364940759824595
TARA_25	0.0726138992255857	0.0619440574429323	0.0784024577572963	0.0766607215494848	0.0533333333333334	0	0.08	0.0292712626451852
TARA_26	0.0660984601874106	0.0728888888888885	0.0765484913302697	0.0579831932773109	0.0779220779220779	0.08	0	0.0375240636539127
TARA_30	0.0417078392621868	0.0558909009613238	0.046666582537259	0.0380878352118146	0.0364940759824595	0.0292712626451852	0.0375240636539127	0
