TARA_143	TARA_144	TARA_149	TARA_150	TARA_151	TARA_25
TARA_143	0	0.0553709856035437	0.0514523783087046	0.05846739318457	0.0458553791887123	0.0625000000000002
TARA_144	0.0553709856035437	0	0.0235965776429795	0.0264000624853547	0.0173913043478259	0.0460358056265985
TARA_149	0.0514523783087046	0.0235965776429795	0	0.0248511138886845	0.0209636543217441	0.0375154150710719
TARA_150	0.05846739318457	0.0264000624853547	0.0248511138886845	0	0.0275799978100382	0.0470588235294117
TARA_151	0.0458553791887123	0.0173913043478259	0.0209636543217441	0.0275799978100382	0	0.0398505603985051
TARA_25	0.0625000000000002	0.0460358056265985	0.0375154150710719	0.0470588235294117	0.0398505603985051	0
