TARA_142	TARA_147	TARA_7	TARA_18	TARA_22	TARA_23
TARA_142	0	0.105790297339593	0.156833790163702	0.166666666666667	0.287390029325514	0.196745658223398
TARA_147	0.105790297339593	0	0.0779318888790105	0.117647058823529	0.192575837421379	0.137844670560894
TARA_7	0.156833790163702	0.0779318888790105	0	0.101294790725685	0.10727969348659	0.065952792979559
TARA_18	0.166666666666667	0.117647058823529	0.101294790725685	0	0.162162162162162	0.0983785256846985
TARA_22	0.287390029325514	0.192575837421379	0.10727969348659	0.162162162162162	0	0.104375630272771
TARA_23	0.196745658223398	0.137844670560894	0.065952792979559	0.0983785256846985	0.104375630272771	0
