TARA_7	TARA_9	TARA_18	TARA_22	TARA_23	TARA_25
TARA_7	0	0.0444905885505856	0.0751173708920186	0.0936028800886173	0.0444444444444442	0.0606060606060606
TARA_9	0.0444905885505856	0	0.0439137773596389	0.111170413226238	0.0401505399875022	0.0512820512820516
TARA_18	0.0751173708920186	0.0439137773596389	0	0.115299141574797	0.057188560019059	0.0598006644518273
TARA_22	0.0936028800886173	0.111170413226238	0.115299141574797	0	0.0485537451054688	0.0606060606060611
TARA_23	0.0444444444444442	0.0401505399875022	0.057188560019059	0.0485537451054688	0	0.028808397541274
TARA_25	0.0606060606060606	0.0512820512820516	0.0598006644518273	0.0606060606060611	0.028808397541274	0
