TARA_142	TARA_143	TARA_144	TARA_146	TARA_147	TARA_149
TARA_142	0	0.0571428571428574	0.0441908773908389	0.0621403912543156	0.0550458715596331	0.0715276401822873
TARA_143	0.0571428571428574	0	0.0333349283284578	0.0485175202156333	0.0310160837960242	0.0487804878048786
TARA_144	0.0441908773908389	0.0333349283284578	0	0.0419187980869205	0.0241189421300933	0.0453933594245397
TARA_146	0.0621403912543156	0.0485175202156333	0.0419187980869205	0	0.0336625399916537	0.0645161290322581
TARA_147	0.0550458715596331	0.0310160837960242	0.0241189421300933	0.0336625399916537	0	0.051310653566834
TARA_149	0.0715276401822873	0.0487804878048786	0.0453933594245397	0.0645161290322581	0.051310653566834	0
