TARA_72	TARA_146	TARA_147	TARA_148	TARA_149	TARA_70
TARA_72	0	0.0360389610389609	0.0350759163122704	0.0448646764727379	0.0571428571428574	0.0373738936231582
TARA_146	0.0360389610389609	0	0.0384082391887965	0.0478779654063499	0.0593864854689211	0.0357617851337372
TARA_147	0.0350759163122704	0.0384082391887965	0	0.04758863516681	0.056191909356466	0.033045787609369
TARA_148	0.0448646764727379	0.0478779654063499	0.04758863516681	0	0.08	0.0498054319810276
TARA_149	0.0571428571428574	0.0593864854689211	0.056191909356466	0.08	0	0.0731303690518923
TARA_70	0.0373738936231582	0.0357617851337372	0.033045787609369	0.0498054319810276	0.0731303690518923	0
