TARA_142	TARA_143	TARA_144	TARA_150	TARA_151	TARA_70	TARA_76	TARA_80
TARA_142	0	0.0580120024832729	0.055335968379447	0.0795273801408768	0.0830564784053157	0.0500197540139507	0.0612193270933471	0.0689655172413798
TARA_143	0.0580120024832729	0	0.0307692307692307	0.0495867768595039	0.0439508491351999	0.0229310180376512	0.0389171933834979	0.046815247838266
TARA_144	0.055335968379447	0.0307692307692307	0	0.0603572229808543	0.0478723404255317	0.0377642658967387	0.065288777284141	0.0614369129220614
TARA_150	0.0795273801408768	0.0495867768595039	0.0603572229808543	0	0.0499500499500496	0.0390691577524525	0.0463477096337136	0.0726138992255857
TARA_151	0.0830564784053157	0.0439508491351999	0.0478723404255317	0.0499500499500496	0	0.0336625399916537	0.052631578947368	0.0574376847248557
TARA_70	0.0500197540139507	0.0229310180376512	0.0377642658967387	0.0390691577524525	0.0336625399916537	0	0.0308765690156744	0.0370251745564023
TARA_76	0.0612193270933471	0.0389171933834979	0.065288777284141	0.0463477096337136	0.052631578947368	0.0308765690156744	0	0.0671834625322997
TARA_80	0.0689655172413798	0.046815247838266	0.0614369129220614	0.0726138992255857	0.0574376847248557	0.0370251745564023	0.0671834625322997	0
