TARA_146	TARA_148	TARA_151	TARA_9	TARA_76	TARA_78
TARA_146	0	0.0571428571428572	0.0622861350044136	0.101041241322989	0.0606060606060606	0.152877374742142
TARA_148	0.0571428571428572	0	0.0578368620605075	0.0699334543254682	0.0444409289653504	0.143005906497824
TARA_151	0.0622861350044136	0.0578368620605075	0	0.0606060606060607	0.0476120773290265	0.154034460032012
TARA_9	0.101041241322989	0.0699334543254682	0.0606060606060607	0	0.0923076923076924	0.163791985190169
TARA_76	0.0606060606060606	0.0444409289653504	0.0476120773290265	0.0923076923076924	0	0.142848769488371
TARA_78	0.152877374742142	0.143005906497824	0.154034460032012	0.163791985190169	0.142848769488371	0
