TARA_9	TARA_11	TARA_20	TARA_22	TARA_23	TARA_25
TARA_9	0	0.0509223539314027	0.0951249186543308	0.105263157894737	0.0705882352941177	0.0952380952380952
TARA_11	0.0509223539314027	0	0.0432692307692304	0.0672947402558398	0.021914489401471	0.0377437781761767
TARA_20	0.0951249186543308	0.0432692307692304	0	0.08	0.0498339559983396	0.078961038961039
TARA_22	0.105263157894737	0.0672947402558398	0.08	0	0.0637065646383838	0.11010101010101
TARA_23	0.0705882352941177	0.021914489401471	0.0498339559983396	0.0637065646383838	0	0.0483094750587744
TARA_25	0.0952380952380952	0.0377437781761767	0.078961038961039	0.11010101010101	0.0483094750587744	0
