TARA_143	TARA_144	TARA_147	TARA_149	TARA_150	TARA_151	TARA_70
TARA_143	0	0.0229529390570858	0.0196644598654653	0.0433695429391264	0.02361832782239	0.0260426450108089	0.0443053842373917
TARA_144	0.0229529390570858	0	0.0254970478370885	0.0519692512100217	0.0277469478357384	0.0400496489439518	0.041030849618816
TARA_147	0.0196644598654653	0.0254970478370885	0	0.0405309632807865	0.0210526315789472	0.0363636363636362	0.0478658276146811
TARA_149	0.0433695429391264	0.0519692512100217	0.0405309632807865	0	0.0465116279069762	0.0730919157964	0.0820081781008633
TARA_150	0.02361832782239	0.0277469478357384	0.0210526315789472	0.0465116279069762	0	0.0361997623827277	0.0571428571428574
TARA_151	0.0260426450108089	0.0400496489439518	0.0363636363636362	0.0730919157964	0.0361997623827277	0	0.0657134239993435
TARA_70	0.0443053842373917	0.041030849618816	0.0478658276146811	0.0820081781008633	0.0571428571428574	0.0657134239993435	0
