TARA_4	TARA_7	TARA_9	TARA_18	TARA_22	TARA_23	TARA_25
TARA_4	0	0.468085106382979	0.940350877192982	0.513157894736842	0.292397660818713	0.37037037037037	0.488095238095239
TARA_7	0.468085106382979	0	0.134101213189567	0.191605955020589	0.254545454545454	0.247449795628221	0.264150943396226
TARA_9	0.940350877192982	0.134101213189567	0	0.2	0.307692307692308	0.33791975746177	0.25
TARA_18	0.513157894736842	0.191605955020589	0.2	0	0.133333333333333	0.0882543802725501	0.151300236406619
TARA_22	0.292397660818713	0.254545454545454	0.307692307692308	0.133333333333333	0	0.0897913260552358	0.133333333333333
TARA_23	0.37037037037037	0.247449795628221	0.33791975746177	0.0882543802725501	0.0897913260552358	0	0.0606060606060606
TARA_25	0.488095238095239	0.264150943396226	0.25	0.151300236406619	0.133333333333333	0.0606060606060606	0
