TARA_72	TARA_18	TARA_25	TARA_26	TARA_30	TARA_76
TARA_72	0	0.125214025161915	0.134677673022809	0.156739811912226	0.122850122850123	0.0819139132505671
TARA_18	0.125214025161915	0	0.0626369072287017	0.065288777284141	0.0742948611801068	0.0980537534754401
TARA_25	0.134677673022809	0.0626369072287017	0	0.0571428571428574	0.054054054054054	0.0947043989913138
TARA_26	0.156739811912226	0.065288777284141	0.0571428571428574	0	0.0623865894755038	0.107860196324675
TARA_30	0.122850122850123	0.0742948611801068	0.054054054054054	0.0623865894755038	0	0.117500825712823
TARA_76	0.0819139132505671	0.0980537534754401	0.0947043989913138	0.107860196324675	0.117500825712823	0
