TARA_144	TARA_149	TARA_151	TARA_9	TARA_11	TARA_23
TARA_144	0	0.0484908461157845	0.0553268711547831	0.0659380954028147	0.0475153777040566	0.035392301360948
TARA_149	0.0484908461157845	0	0.0528868721639806	0.0745156482861403	0.044723969252271	0.0362361708927471
TARA_151	0.0553268711547831	0.0528868721639806	0	0.0704457897633465	0.0425531914893617	0.04113679762727
TARA_9	0.0659380954028147	0.0745156482861403	0.0704457897633465	0	0.0512456526368085	0.0476190476190471
TARA_11	0.0475153777040566	0.044723969252271	0.0425531914893617	0.0512456526368085	0	0.0264603727491431
TARA_23	0.035392301360948	0.0362361708927471	0.04113679762727	0.0476190476190471	0.0264603727491431	0
