TARA_142	TARA_144	TARA_146	TARA_147	TARA_148	TARA_149	TARA_30
TARA_142	0	0.0603150351049511	0.0340159666782371	0.0478723404255317	0.051992726915327	0.041269147377033	0.0582952182952183
TARA_144	0.0603150351049511	0	0.0314989842686051	0.0373663941476825	0.0487804878048786	0.0377358490566037	0.045067665674611
TARA_146	0.0340159666782371	0.0314989842686051	0	0.0223598019150199	0.0309046785936001	0.0217391304347826	0.032621703931561
TARA_147	0.0478723404255317	0.0373663941476825	0.0223598019150199	0	0.0383688636680345	0.0275520004587221	0.0357186997898903
TARA_148	0.051992726915327	0.0487804878048786	0.0309046785936001	0.0383688636680345	0	0.0377975668337811	0.0454545454545453
TARA_149	0.041269147377033	0.0377358490566037	0.0217391304347826	0.0275520004587221	0.0377975668337811	0	0.0328330644084939
TARA_30	0.0582952182952183	0.045067665674611	0.032621703931561	0.0357186997898903	0.0454545454545453	0.0328330644084939	0
