TARA_150	TARA_4	TARA_23	TARA_25	TARA_68	TARA_70
TARA_150	0	0.0798783858485348	0.0546720005203761	0.0737652258150475	0.0277010736464136	0.068047252379358
TARA_4	0.0798783858485348	0	0.105230240527205	0.10562394675959	0.0613735432533359	0.145583902714223
TARA_23	0.0546720005203761	0.105230240527205	0	0.0685350256908881	0.0649737664787832	0.103142626913779
TARA_25	0.0737652258150475	0.10562394675959	0.0685350256908881	0	0.0871870181148856	0.109972351043606
TARA_68	0.0277010736464136	0.0613735432533359	0.0649737664787832	0.0871870181148856	0	0.0986239554186889
TARA_70	0.068047252379358	0.145583902714223	0.103142626913779	0.109972351043606	0.0986239554186889	0
