TARA_143	TARA_144	TARA_150	TARA_151	TARA_18	TARA_22	TARA_70	TARA_76
TARA_143	0	0.05939624868495	0.0465090531657253	0.0450232558139536	0.0397441468598982	0.0460358056265985	0.0301012767641823	0.0448767362199842
TARA_144	0.05939624868495	0	0.0577558109037472	0.0391650737476532	0.0995581737849778	0.0871892332156844	0.0255254571667044	0.0624915864060652
TARA_150	0.0465090531657253	0.0577558109037472	0	0.0368352223190934	0.046351954474431	0.0528868721639806	0.0400962309542904	0.0579999767087075
TARA_151	0.0450232558139536	0.0391650737476532	0.0368352223190934	0	0.0564042303172737	0.0464046021092998	0.0292309359534731	0.0571428571428574
TARA_18	0.0397441468598982	0.0995581737849778	0.046351954474431	0.0564042303172737	0	0.0356379187455452	0.0370370370370374	0.0741501489165041
TARA_22	0.0460358056265985	0.0871892332156844	0.0528868721639806	0.0464046021092998	0.0356379187455452	0	0.0429637514946232	0.0817055766626661
TARA_70	0.0301012767641823	0.0255254571667044	0.0400962309542904	0.0292309359534731	0.0370370370370374	0.0429637514946232	0	0.0374292131013499
TARA_76	0.0448767362199842	0.0624915864060652	0.0579999767087075	0.0571428571428574	0.0741501489165041	0.0817055766626661	0.0374292131013499	0
