TARA_143	TARA_144	TARA_146	TARA_147	TARA_149	TARA_150	TARA_70
TARA_143	0	0.0232505602514926	0.0305825856186023	0.0323030907278158	0.0422447194100738	0.0750276178847605	0.0571428571428574
TARA_144	0.0232505602514926	0	0.0215016745561021	0.0213802325671397	0.0338390794333425	0.064733853013027	0.0447862041745749
TARA_146	0.0305825856186023	0.0215016745561021	0	0.0182185932150796	0.0439530719449586	0.0546957499033143	0.0402127350995896
TARA_147	0.0323030907278158	0.0213802325671397	0.0182185932150796	0	0.0512820512820513	0.0783699059561128	0.05
TARA_149	0.0422447194100738	0.0338390794333425	0.0439530719449586	0.0512820512820513	0	0.0875011984276626	0.0689655172413793
TARA_150	0.0750276178847605	0.064733853013027	0.0546957499033143	0.0783699059561128	0.0875011984276626	0	0.0666666666666661
TARA_70	0.0571428571428574	0.0447862041745749	0.0402127350995896	0.05	0.0689655172413793	0.0666666666666661	0
