TARA_143	TARA_144	TARA_150	TARA_20	TARA_22	TARA_25	TARA_70
TARA_143	0	0.0663806728381126	0.049270348067737	0.0829863603732949	0.0876949071363954	0.0480508372684711	0.0692964775890203
TARA_144	0.0663806728381126	0	0.0370370370370374	0.0655879982642119	0.0730345421604443	0.0441274607941272	0.0542814632394443
TARA_150	0.049270348067737	0.0370370370370374	0	0.0444426205962618	0.0512820512820513	0.0186055407486239	0.0465814062955042
TARA_20	0.0829863603732949	0.0655879982642119	0.0444426205962618	0	0.0871151476338799	0.0349786241741157	0.0671834625322997
TARA_22	0.0876949071363954	0.0730345421604443	0.0512820512820513	0.0871151476338799	0	0.0607243299087412	0.0871151476338799
TARA_25	0.0480508372684711	0.0441274607941272	0.0186055407486239	0.0349786241741157	0.0607243299087412	0	0.0470588235294117
TARA_70	0.0692964775890203	0.0542814632394443	0.0465814062955042	0.0671834625322997	0.0871151476338799	0.0470588235294117	0
