TARA_149	TARA_150	TARA_151	TARA_152	TARA_9	TARA_25	TARA_68
TARA_149	0	0.0634877887412896	0.0716188221367267	0.0702508960573473	0.0740740740740736	0.0712203858992102	0.0617670294192628
TARA_150	0.0634877887412896	0	0.050907808919443	0.0456278541780398	0.050993138317082	0.0346543756953051	0.0439180075803709
TARA_151	0.0716188221367267	0.050907808919443	0	0.0642467073562485	0.0645161290322581	0.0496531365313657	0.0565554377090643
TARA_152	0.0702508960573473	0.0456278541780398	0.0642467073562485	0	0.0525183973256587	0.0434411714003625	0.0575077892345034
TARA_9	0.0740740740740736	0.050993138317082	0.0645161290322581	0.0525183973256587	0	0.049900716567383	0.0666666666666667
TARA_25	0.0712203858992102	0.0346543756953051	0.0496531365313657	0.0434411714003625	0.049900716567383	0	0.0474117077890662
TARA_68	0.0617670294192628	0.0439180075803709	0.0565554377090643	0.0575077892345034	0.0666666666666667	0.0474117077890662	0
